Rockable 29-11-2018
t 0
tmax 2
dt 1e-7
interVerlet 0.0005
dynamicUpdateNL 1
dispUpdateNL 1e-3
angleUpdateNL 1
interConf 0.001

DVerlet 0.004
dVerlet 0.001
density 0 2000
density 1 2000
numericalDampingCoeff 0.0
gravity 0 0 0
forceLaw StickedLinks

knContact 0 1 0.8e7
ktContact 0 1 0.8e7
en2Contact 0 1 0.1
muContact 0 1 0.5
krContact 0 1 0.0
murContact 0 1 0.0

knContact 0 0 0.8e7
ktContact 0 0 0.8e7
en2Contact 0 0 0.1
muContact 0 0 0.5
krContact 0 0 0.0
murContact 0 0 0.0

knInnerBond 0 0 0.8e7
en2InnerBond 0 0 0.1
ktInnerBond 0 0 0.8e7
fn0InnerBond 0 0 85.
ft0InnerBond 0 0 170.0
powInnerBond 0 0 2.0

iconf 0
nDriven 2
shapeFile sector.shp
#precision 4
Particles 10
Plan 1 1 1 0 -4.84359711335657e-04 0 0 0 0 0 0 0 1 0 0 0 0 0 0 0 0 0
Plan 1 1 1 0 1.74843597113356e-02 0 0 0 0 0 0 0 1 0 0 0 0 0 0 0 0 0
ShellSector8_N 0 0 1 6.59286520225033e-03 1.12308541816697e-02 0.0000000000000000e+00  0 0 0  0 0 0  9.80785280403230e-01 0.0000000000000000e+00 0.0000000000000000e+00 1.95090322016128e-01  0 0 0  0 0 0
ShellSector8_N 0 0 1 2.73085418166972e-03 1.50928652022503e-02 0.0000000000000000e+00  0 0 0  0 0 0  8.31469612302545e-01 0.0000000000000000e+00 0.0000000000000000e+00 5.55570233019602e-01  0 0 0  0 0 0
ShellSector8_N 0 0 1 -2.73085418166972e-03 1.50928652022503e-02 0.0000000000000000e+00  0 0 0  0 0 0  5.55570233019602e-01 0.0000000000000000e+00 0.0000000000000000e+00 8.31469612302545e-01  0 0 0  0 0 0
ShellSector8_N 0 0 1 -6.59286520225033e-03 1.12308541816697e-02 0.0000000000000000e+00  0 0 0  0 0 0  1.95090322016128e-01 0.0000000000000000e+00 0.0000000000000000e+00 9.80785280403230e-01  0 0 0  0 0 0
ShellSector8_N 0 0 1 -6.59286520225033e-03 5.76914581833027e-03 0.0000000000000000e+00  0 0 0  0 0 0  -1.95090322016128e-01 0.0000000000000000e+00 0.0000000000000000e+00 9.80785280403230e-01  0 0 0  0 0 0
ShellSector8_N 0 0 1 -2.73085418166972e-03 1.90713479774966e-03 0.0000000000000000e+00  0 0 0  0 0 0  -5.55570233019602e-01 0.0000000000000000e+00 0.0000000000000000e+00 8.31469612302545e-01  0 0 0  0 0 0
ShellSector8_N 0 0 1 2.73085418166972e-03 1.90713479774966e-03 0.0000000000000000e+00  0 0 0  0 0 0  -8.31469612302545e-01 0.0000000000000000e+00 0.0000000000000000e+00 5.55570233019602e-01  0 0 0  0 0 0
ShellSector8_N 0 0 1 6.59286520225033e-03 5.76914581833027e-03 0.0000000000000000e+00  0 0 0  0 0 0  -9.80785280403230e-01 0.0000000000000000e+00 0.0000000000000000e+00 1.95090322016128e-01  0 0 0  0 0 0

stickVerticesInClusters 0.0004
