-4 0.0112516 0.0453429
-3.9 0.0118235 0.0464964
-3.8 0.0124397 0.0477093
-3.7 0.013105 0.0489862
-3.6 0.0138247 0.0503323
-3.5 0.0146047 0.0517534
-3.4 0.015452 0.0532558
-3.3 0.0163745 0.0548466
-3.2 0.0173811 0.0565339
-3.1 0.0184824 0.0583264
-3 0.0196903 0.0602343
-2.9 0.021019 0.062269
-2.8 0.0224849 0.0644433
-2.7 0.0241071 0.0667718
-2.6 0.0259083 0.0692714
-2.5 0.0279154 0.0719612
-2.4 0.0301602 0.0748634
-2.3 0.032681 0.0780036
-2.2 0.0355238 0.0814116
-2.1 0.0387441 0.0851225
-2 0.0424099 0.0891771
-1.9 0.0466043 0.0936242
-1.8 0.0514299 0.0985216
-1.7 0.0570144 0.103939
-1.6 0.0635172 0.109959
-1.5 0.0711392 0.116684
-1.4 0.080135 0.124238
-1.3 0.0908285 0.132775
-1.2 0.103633 0.142483
-1.1 0.119078 0.1536
-1 0.137832 0.166422
-0.9 0.160737 0.181322
-0.8 0.188811 0.198764
-0.7 0.22321 0.219321
-0.6 0.265062 0.243685
-0.5 0.315045 0.27264
-0.4 0.37252 0.306977
-0.3 0.434117 0.347302
-0.2 0.492258 0.393675
-0.1 0.535271 0.445187
2.41474e-15 0.551329 0.499713
0.1 0.535271 0.554239
0.2 0.492258 0.605751
0.3 0.434117 0.652124
0.4 0.37252 0.692448
0.5 0.315045 0.726786
0.6 0.265062 0.75574
0.7 0.22321 0.780104
0.8 0.188811 0.800662
0.9 0.160737 0.818103
1 0.137832 0.833003
1.1 0.119078 0.845825
1.2 0.103633 0.856943
1.3 0.0908285 0.866651
1.4 0.080135 0.875187
1.5 0.0711392 0.882742
1.6 0.0635172 0.889467
1.7 0.0570144 0.895487
1.8 0.0514299 0.900904
1.9 0.0466043 0.905801
2 0.0424099 0.910248
2.1 0.0387441 0.914303
2.2 0.0355238 0.918014
2.3 0.032681 0.921422
2.4 0.0301602 0.924562
2.5 0.0279154 0.927464
2.6 0.0259083 0.930154
2.7 0.0241071 0.932654
2.8 0.0224849 0.934982
2.9 0.021019 0.937157
3 0.0196903 0.939191
3.1 0.0184824 0.941099
3.2 0.0173811 0.942892
3.3 0.0163745 0.944579
3.4 0.015452 0.94617
3.5 0.0146047 0.947672
3.6 0.0138247 0.949093
3.7 0.013105 0.950439
3.8 0.0124397 0.951716
3.9 0.0118235 0.952929