28.2959 -0.00037362
30.4099 -0.000334029
32.5238 -0.000215255
34.6378 -1.72974e-05
36.7518 0.000259842
38.8657 0.000616165
40.9797 0.00105167
43.0936 0.00156636
45.2076 0.00216023
47.3215 0.00283328
49.4355 0.00358552
49.4355 0.00358552
51.5494 0.00708762
52.634 0.0109884
54.2052 0.0128703
55.7919 0.0135481
57.0558 0.0186594
58.0886 0.0180004
59.1933 0.0219895
60.016 0.0232395
60.8929 0.0266988
61.5618 0.030039
62.2695 0.0277945
62.9499 0.031779
63.5336 0.0365031
64.0772 0.0355174
64.685 0.0308686
65.312 0.0354637
65.8469 0.0360258
66.4264 0.0365297
66.9378 0.039368
67.4948 0.0312167
68.1208 0.0400622
68.5611 0.0452565
69.0401 0.0409558
69.5241 0.0401303
70.0303 0.0411424
70.4827 0.046866
70.9194 0.0415081
71.4429 0.0406178
71.9014 0.0424977
72.4045 0.0400058
72.8913 0.0401023
73.418 0.0370145
73.9633 0.035783
74.537 0.0345574
75.1207 0.0333517
75.7535 0.0297569
76.4492 0.0288718
77.11 0.0318669
77.7383 0.0300563
78.4477 0.028436
79.1357 0.0280541
79.8973 0.0256261
80.6971 0.0232195
81.6362 0.0209245
82.6125 0.0183793
83.9532 0.0131783
85.5448 0.0113611
87.6588 0.00751623
87.7087 0.00744782
89.8227 0.00547194
91.0898 0.0051491
