Rockable 21-08-2022

t 0
tmax 1.0
dt 1e-6
interVerlet 100e-6
interConf 1000e-6

DVerlet 0.001
dVerlet 0.001

density 0 2700
density 1 2700

forceLaw Default
gravity 0 0 0

# sphere-wall
knContact 0 1 1e8
en2Contact 0 1 0.02
ktContact 0 1 1e8
muContact 0 1 0.2
krContact 0 1 1e7
murContact 0 1 0.0

# sphere-sphere
knContact 1 1 1e8
en2Contact 1 1 0.02
ktContact 1 1 1e8
muContact 1 1 0.2
krContact 1 1 1e7
murContact 1 1 0.0

usePeriodicCell 1
h   0.05 0 0    0 0.05 0    0 0 0.05
vh   0 0 0    0 0 0    0 0 0
ah   0 0 0    0 0 0    0 0 0
mh .02

iconf 0
nDriven 0
shapeFile shapes.txt

Particles 125

Sphere 1 0 4.0000000000000001e-03 5.0000000000000001e-03 5.0000000000000001e-03 5.0000000000000001e-03  0 0 0  0 0 0  1.0000000000000000e+00 0.0000000000000000e+00 0.0000000000000000e+00 0.0000000000000000e+00  0 0 0  0 0 0
Sphere 1 1 4.0000000000000001e-03 5.0000000000000001e-03 5.0000000000000001e-03 1.4999999999999999e-02  0 0 0  0 0 0  1.0000000000000000e+00 0.0000000000000000e+00 0.0000000000000000e+00 0.0000000000000000e+00  0 0 0  0 0 0
Sphere 1 2 4.0000000000000001e-03 5.0000000000000001e-03 5.0000000000000001e-03 2.5000000000000001e-02  0 0 0  0 0 0  1.0000000000000000e+00 0.0000000000000000e+00 0.0000000000000000e+00 0.0000000000000000e+00  0 0 0  0 0 0
Sphere 1 3 4.0000000000000001e-03 5.0000000000000001e-03 5.0000000000000001e-03 3.4999999999999996e-02  0 0 0  0 0 0  1.0000000000000000e+00 0.0000000000000000e+00 0.0000000000000000e+00 0.0000000000000000e+00  0 0 0  0 0 0
Sphere 1 4 4.0000000000000001e-03 5.0000000000000001e-03 5.0000000000000001e-03 4.4999999999999998e-02  0 0 0  0 0 0  1.0000000000000000e+00 0.0000000000000000e+00 0.0000000000000000e+00 0.0000000000000000e+00  0 0 0  0 0 0
Sphere 1 5 4.0000000000000001e-03 1.4999999999999999e-02 5.0000000000000001e-03 5.0000000000000001e-03  0 0 0  0 0 0  1.0000000000000000e+00 0.0000000000000000e+00 0.0000000000000000e+00 0.0000000000000000e+00  0 0 0  0 0 0
Sphere 1 6 4.0000000000000001e-03 1.4999999999999999e-02 5.0000000000000001e-03 1.4999999999999999e-02  0 0 0  0 0 0  1.0000000000000000e+00 0.0000000000000000e+00 0.0000000000000000e+00 0.0000000000000000e+00  0 0 0  0 0 0
Sphere 1 7 4.0000000000000001e-03 1.4999999999999999e-02 5.0000000000000001e-03 2.5000000000000001e-02  0 0 0  0 0 0  1.0000000000000000e+00 0.0000000000000000e+00 0.0000000000000000e+00 0.0000000000000000e+00  0 0 0  0 0 0
Sphere 1 8 4.0000000000000001e-03 1.4999999999999999e-02 5.0000000000000001e-03 3.4999999999999996e-02  0 0 0  0 0 0  1.0000000000000000e+00 0.0000000000000000e+00 0.0000000000000000e+00 0.0000000000000000e+00  0 0 0  0 0 0
Sphere 1 9 4.0000000000000001e-03 1.4999999999999999e-02 5.0000000000000001e-03 4.4999999999999998e-02  0 0 0  0 0 0  1.0000000000000000e+00 0.0000000000000000e+00 0.0000000000000000e+00 0.0000000000000000e+00  0 0 0  0 0 0
Sphere 1 10 4.0000000000000001e-03 2.5000000000000001e-02 5.0000000000000001e-03 5.0000000000000001e-03  0 0 0  0 0 0  1.0000000000000000e+00 0.0000000000000000e+00 0.0000000000000000e+00 0.0000000000000000e+00  0 0 0  0 0 0
Sphere 1 11 4.0000000000000001e-03 2.5000000000000001e-02 5.0000000000000001e-03 1.4999999999999999e-02  0 0 0  0 0 0  1.0000000000000000e+00 0.0000000000000000e+00 0.0000000000000000e+00 0.0000000000000000e+00  0 0 0  0 0 0
Sphere 1 12 4.0000000000000001e-03 2.5000000000000001e-02 5.0000000000000001e-03 2.5000000000000001e-02  0 0 0  0 0 0  1.0000000000000000e+00 0.0000000000000000e+00 0.0000000000000000e+00 0.0000000000000000e+00  0 0 0  0 0 0
Sphere 1 13 4.0000000000000001e-03 2.5000000000000001e-02 5.0000000000000001e-03 3.4999999999999996e-02  0 0 0  0 0 0  1.0000000000000000e+00 0.0000000000000000e+00 0.0000000000000000e+00 0.0000000000000000e+00  0 0 0  0 0 0
Sphere 1 14 4.0000000000000001e-03 2.5000000000000001e-02 5.0000000000000001e-03 4.4999999999999998e-02  0 0 0  0 0 0  1.0000000000000000e+00 0.0000000000000000e+00 0.0000000000000000e+00 0.0000000000000000e+00  0 0 0  0 0 0
Sphere 1 15 4.0000000000000001e-03 3.4999999999999996e-02 5.0000000000000001e-03 5.0000000000000001e-03  0 0 0  0 0 0  1.0000000000000000e+00 0.0000000000000000e+00 0.0000000000000000e+00 0.0000000000000000e+00  0 0 0  0 0 0
Sphere 1 16 4.0000000000000001e-03 3.4999999999999996e-02 5.0000000000000001e-03 1.4999999999999999e-02  0 0 0  0 0 0  1.0000000000000000e+00 0.0000000000000000e+00 0.0000000000000000e+00 0.0000000000000000e+00  0 0 0  0 0 0
Sphere 1 17 4.0000000000000001e-03 3.4999999999999996e-02 5.0000000000000001e-03 2.5000000000000001e-02  0 0 0  0 0 0  1.0000000000000000e+00 0.0000000000000000e+00 0.0000000000000000e+00 0.0000000000000000e+00  0 0 0  0 0 0
Sphere 1 18 4.0000000000000001e-03 3.4999999999999996e-02 5.0000000000000001e-03 3.4999999999999996e-02  0 0 0  0 0 0  1.0000000000000000e+00 0.0000000000000000e+00 0.0000000000000000e+00 0.0000000000000000e+00  0 0 0  0 0 0
Sphere 1 19 4.0000000000000001e-03 3.4999999999999996e-02 5.0000000000000001e-03 4.4999999999999998e-02  0 0 0  0 0 0  1.0000000000000000e+00 0.0000000000000000e+00 0.0000000000000000e+00 0.0000000000000000e+00  0 0 0  0 0 0
Sphere 1 20 4.0000000000000001e-03 4.4999999999999998e-02 5.0000000000000001e-03 5.0000000000000001e-03  0 0 0  0 0 0  1.0000000000000000e+00 0.0000000000000000e+00 0.0000000000000000e+00 0.0000000000000000e+00  0 0 0  0 0 0
Sphere 1 21 4.0000000000000001e-03 4.4999999999999998e-02 5.0000000000000001e-03 1.4999999999999999e-02  0 0 0  0 0 0  1.0000000000000000e+00 0.0000000000000000e+00 0.0000000000000000e+00 0.0000000000000000e+00  0 0 0  0 0 0
Sphere 1 22 4.0000000000000001e-03 4.4999999999999998e-02 5.0000000000000001e-03 2.5000000000000001e-02  0 0 0  0 0 0  1.0000000000000000e+00 0.0000000000000000e+00 0.0000000000000000e+00 0.0000000000000000e+00  0 0 0  0 0 0
Sphere 1 23 4.0000000000000001e-03 4.4999999999999998e-02 5.0000000000000001e-03 3.4999999999999996e-02  0 0 0  0 0 0  1.0000000000000000e+00 0.0000000000000000e+00 0.0000000000000000e+00 0.0000000000000000e+00  0 0 0  0 0 0
Sphere 1 24 4.0000000000000001e-03 4.4999999999999998e-02 5.0000000000000001e-03 4.4999999999999998e-02  0 0 0  0 0 0  1.0000000000000000e+00 0.0000000000000000e+00 0.0000000000000000e+00 0.0000000000000000e+00  0 0 0  0 0 0
Sphere 1 25 4.0000000000000001e-03 5.0000000000000001e-03 1.4999999999999999e-02 5.0000000000000001e-03  0 0 0  0 0 0  1.0000000000000000e+00 0.0000000000000000e+00 0.0000000000000000e+00 0.0000000000000000e+00  0 0 0  0 0 0
Sphere 1 26 4.0000000000000001e-03 5.0000000000000001e-03 1.4999999999999999e-02 1.4999999999999999e-02  0 0 0  0 0 0  1.0000000000000000e+00 0.0000000000000000e+00 0.0000000000000000e+00 0.0000000000000000e+00  0 0 0  0 0 0
Sphere 1 27 4.0000000000000001e-03 5.0000000000000001e-03 1.4999999999999999e-02 2.5000000000000001e-02  0 0 0  0 0 0  1.0000000000000000e+00 0.0000000000000000e+00 0.0000000000000000e+00 0.0000000000000000e+00  0 0 0  0 0 0
Sphere 1 28 4.0000000000000001e-03 5.0000000000000001e-03 1.4999999999999999e-02 3.4999999999999996e-02  0 0 0  0 0 0  1.0000000000000000e+00 0.0000000000000000e+00 0.0000000000000000e+00 0.0000000000000000e+00  0 0 0  0 0 0
Sphere 1 29 4.0000000000000001e-03 5.0000000000000001e-03 1.4999999999999999e-02 4.4999999999999998e-02  0 0 0  0 0 0  1.0000000000000000e+00 0.0000000000000000e+00 0.0000000000000000e+00 0.0000000000000000e+00  0 0 0  0 0 0
Sphere 1 30 4.0000000000000001e-03 1.4999999999999999e-02 1.4999999999999999e-02 5.0000000000000001e-03  0 0 0  0 0 0  1.0000000000000000e+00 0.0000000000000000e+00 0.0000000000000000e+00 0.0000000000000000e+00  0 0 0  0 0 0
Sphere 1 31 4.0000000000000001e-03 1.4999999999999999e-02 1.4999999999999999e-02 1.4999999999999999e-02  0 0 0  0 0 0  1.0000000000000000e+00 0.0000000000000000e+00 0.0000000000000000e+00 0.0000000000000000e+00  0 0 0  0 0 0
Sphere 1 32 4.0000000000000001e-03 1.4999999999999999e-02 1.4999999999999999e-02 2.5000000000000001e-02  0 0 0  0 0 0  1.0000000000000000e+00 0.0000000000000000e+00 0.0000000000000000e+00 0.0000000000000000e+00  0 0 0  0 0 0
Sphere 1 33 4.0000000000000001e-03 1.4999999999999999e-02 1.4999999999999999e-02 3.4999999999999996e-02  0 0 0  0 0 0  1.0000000000000000e+00 0.0000000000000000e+00 0.0000000000000000e+00 0.0000000000000000e+00  0 0 0  0 0 0
Sphere 1 34 4.0000000000000001e-03 1.4999999999999999e-02 1.4999999999999999e-02 4.4999999999999998e-02  0 0 0  0 0 0  1.0000000000000000e+00 0.0000000000000000e+00 0.0000000000000000e+00 0.0000000000000000e+00  0 0 0  0 0 0
Sphere 1 35 4.0000000000000001e-03 2.5000000000000001e-02 1.4999999999999999e-02 5.0000000000000001e-03  0 0 0  0 0 0  1.0000000000000000e+00 0.0000000000000000e+00 0.0000000000000000e+00 0.0000000000000000e+00  0 0 0  0 0 0
Sphere 1 36 4.0000000000000001e-03 2.5000000000000001e-02 1.4999999999999999e-02 1.4999999999999999e-02  0 0 0  0 0 0  1.0000000000000000e+00 0.0000000000000000e+00 0.0000000000000000e+00 0.0000000000000000e+00  0 0 0  0 0 0
Sphere 1 37 4.0000000000000001e-03 2.5000000000000001e-02 1.4999999999999999e-02 2.5000000000000001e-02  0 0 0  0 0 0  1.0000000000000000e+00 0.0000000000000000e+00 0.0000000000000000e+00 0.0000000000000000e+00  0 0 0  0 0 0
Sphere 1 38 4.0000000000000001e-03 2.5000000000000001e-02 1.4999999999999999e-02 3.4999999999999996e-02  0 0 0  0 0 0  1.0000000000000000e+00 0.0000000000000000e+00 0.0000000000000000e+00 0.0000000000000000e+00  0 0 0  0 0 0
Sphere 1 39 4.0000000000000001e-03 2.5000000000000001e-02 1.4999999999999999e-02 4.4999999999999998e-02  0 0 0  0 0 0  1.0000000000000000e+00 0.0000000000000000e+00 0.0000000000000000e+00 0.0000000000000000e+00  0 0 0  0 0 0
Sphere 1 40 4.0000000000000001e-03 3.4999999999999996e-02 1.4999999999999999e-02 5.0000000000000001e-03  0 0 0  0 0 0  1.0000000000000000e+00 0.0000000000000000e+00 0.0000000000000000e+00 0.0000000000000000e+00  0 0 0  0 0 0
Sphere 1 41 4.0000000000000001e-03 3.4999999999999996e-02 1.4999999999999999e-02 1.4999999999999999e-02  0 0 0  0 0 0  1.0000000000000000e+00 0.0000000000000000e+00 0.0000000000000000e+00 0.0000000000000000e+00  0 0 0  0 0 0
Sphere 1 42 4.0000000000000001e-03 3.4999999999999996e-02 1.4999999999999999e-02 2.5000000000000001e-02  0 0 0  0 0 0  1.0000000000000000e+00 0.0000000000000000e+00 0.0000000000000000e+00 0.0000000000000000e+00  0 0 0  0 0 0
Sphere 1 43 4.0000000000000001e-03 3.4999999999999996e-02 1.4999999999999999e-02 3.4999999999999996e-02  0 0 0  0 0 0  1.0000000000000000e+00 0.0000000000000000e+00 0.0000000000000000e+00 0.0000000000000000e+00  0 0 0  0 0 0
Sphere 1 44 4.0000000000000001e-03 3.4999999999999996e-02 1.4999999999999999e-02 4.4999999999999998e-02  0 0 0  0 0 0  1.0000000000000000e+00 0.0000000000000000e+00 0.0000000000000000e+00 0.0000000000000000e+00  0 0 0  0 0 0
Sphere 1 45 4.0000000000000001e-03 4.4999999999999998e-02 1.4999999999999999e-02 5.0000000000000001e-03  0 0 0  0 0 0  1.0000000000000000e+00 0.0000000000000000e+00 0.0000000000000000e+00 0.0000000000000000e+00  0 0 0  0 0 0
Sphere 1 46 4.0000000000000001e-03 4.4999999999999998e-02 1.4999999999999999e-02 1.4999999999999999e-02  0 0 0  0 0 0  1.0000000000000000e+00 0.0000000000000000e+00 0.0000000000000000e+00 0.0000000000000000e+00  0 0 0  0 0 0
Sphere 1 47 4.0000000000000001e-03 4.4999999999999998e-02 1.4999999999999999e-02 2.5000000000000001e-02  0 0 0  0 0 0  1.0000000000000000e+00 0.0000000000000000e+00 0.0000000000000000e+00 0.0000000000000000e+00  0 0 0  0 0 0
Sphere 1 48 4.0000000000000001e-03 4.4999999999999998e-02 1.4999999999999999e-02 3.4999999999999996e-02  0 0 0  0 0 0  1.0000000000000000e+00 0.0000000000000000e+00 0.0000000000000000e+00 0.0000000000000000e+00  0 0 0  0 0 0
Sphere 1 49 4.0000000000000001e-03 4.4999999999999998e-02 1.4999999999999999e-02 4.4999999999999998e-02  0 0 0  0 0 0  1.0000000000000000e+00 0.0000000000000000e+00 0.0000000000000000e+00 0.0000000000000000e+00  0 0 0  0 0 0
Sphere 1 50 4.0000000000000001e-03 5.0000000000000001e-03 2.5000000000000001e-02 5.0000000000000001e-03  0 0 0  0 0 0  1.0000000000000000e+00 0.0000000000000000e+00 0.0000000000000000e+00 0.0000000000000000e+00  0 0 0  0 0 0
Sphere 1 51 4.0000000000000001e-03 5.0000000000000001e-03 2.5000000000000001e-02 1.4999999999999999e-02  0 0 0  0 0 0  1.0000000000000000e+00 0.0000000000000000e+00 0.0000000000000000e+00 0.0000000000000000e+00  0 0 0  0 0 0
Sphere 1 52 4.0000000000000001e-03 5.0000000000000001e-03 2.5000000000000001e-02 2.5000000000000001e-02  0 0 0  0 0 0  1.0000000000000000e+00 0.0000000000000000e+00 0.0000000000000000e+00 0.0000000000000000e+00  0 0 0  0 0 0
Sphere 1 53 4.0000000000000001e-03 5.0000000000000001e-03 2.5000000000000001e-02 3.4999999999999996e-02  0 0 0  0 0 0  1.0000000000000000e+00 0.0000000000000000e+00 0.0000000000000000e+00 0.0000000000000000e+00  0 0 0  0 0 0
Sphere 1 54 4.0000000000000001e-03 5.0000000000000001e-03 2.5000000000000001e-02 4.4999999999999998e-02  0 0 0  0 0 0  1.0000000000000000e+00 0.0000000000000000e+00 0.0000000000000000e+00 0.0000000000000000e+00  0 0 0  0 0 0
Sphere 1 55 4.0000000000000001e-03 1.4999999999999999e-02 2.5000000000000001e-02 5.0000000000000001e-03  0 0 0  0 0 0  1.0000000000000000e+00 0.0000000000000000e+00 0.0000000000000000e+00 0.0000000000000000e+00  0 0 0  0 0 0
Sphere 1 56 4.0000000000000001e-03 1.4999999999999999e-02 2.5000000000000001e-02 1.4999999999999999e-02  0 0 0  0 0 0  1.0000000000000000e+00 0.0000000000000000e+00 0.0000000000000000e+00 0.0000000000000000e+00  0 0 0  0 0 0
Sphere 1 57 4.0000000000000001e-03 1.4999999999999999e-02 2.5000000000000001e-02 2.5000000000000001e-02  0 0 0  0 0 0  1.0000000000000000e+00 0.0000000000000000e+00 0.0000000000000000e+00 0.0000000000000000e+00  0 0 0  0 0 0
Sphere 1 58 4.0000000000000001e-03 1.4999999999999999e-02 2.5000000000000001e-02 3.4999999999999996e-02  0 0 0  0 0 0  1.0000000000000000e+00 0.0000000000000000e+00 0.0000000000000000e+00 0.0000000000000000e+00  0 0 0  0 0 0
Sphere 1 59 4.0000000000000001e-03 1.4999999999999999e-02 2.5000000000000001e-02 4.4999999999999998e-02  0 0 0  0 0 0  1.0000000000000000e+00 0.0000000000000000e+00 0.0000000000000000e+00 0.0000000000000000e+00  0 0 0  0 0 0
Sphere 1 60 4.0000000000000001e-03 2.5000000000000001e-02 2.5000000000000001e-02 5.0000000000000001e-03  0 0 0  0 0 0  1.0000000000000000e+00 0.0000000000000000e+00 0.0000000000000000e+00 0.0000000000000000e+00  0 0 0  0 0 0
Sphere 1 61 4.0000000000000001e-03 2.5000000000000001e-02 2.5000000000000001e-02 1.4999999999999999e-02  0 0 0  0 0 0  1.0000000000000000e+00 0.0000000000000000e+00 0.0000000000000000e+00 0.0000000000000000e+00  0 0 0  0 0 0
Sphere 1 62 4.0000000000000001e-03 2.5000000000000001e-02 2.5000000000000001e-02 2.5000000000000001e-02  0 0 0  0 0 0  1.0000000000000000e+00 0.0000000000000000e+00 0.0000000000000000e+00 0.0000000000000000e+00  0 0 0  0 0 0
Sphere 1 63 4.0000000000000001e-03 2.5000000000000001e-02 2.5000000000000001e-02 3.4999999999999996e-02  0 0 0  0 0 0  1.0000000000000000e+00 0.0000000000000000e+00 0.0000000000000000e+00 0.0000000000000000e+00  0 0 0  0 0 0
Sphere 1 64 4.0000000000000001e-03 2.5000000000000001e-02 2.5000000000000001e-02 4.4999999999999998e-02  0 0 0  0 0 0  1.0000000000000000e+00 0.0000000000000000e+00 0.0000000000000000e+00 0.0000000000000000e+00  0 0 0  0 0 0
Sphere 1 65 4.0000000000000001e-03 3.4999999999999996e-02 2.5000000000000001e-02 5.0000000000000001e-03  0 0 0  0 0 0  1.0000000000000000e+00 0.0000000000000000e+00 0.0000000000000000e+00 0.0000000000000000e+00  0 0 0  0 0 0
Sphere 1 66 4.0000000000000001e-03 3.4999999999999996e-02 2.5000000000000001e-02 1.4999999999999999e-02  0 0 0  0 0 0  1.0000000000000000e+00 0.0000000000000000e+00 0.0000000000000000e+00 0.0000000000000000e+00  0 0 0  0 0 0
Sphere 1 67 4.0000000000000001e-03 3.4999999999999996e-02 2.5000000000000001e-02 2.5000000000000001e-02  0 0 0  0 0 0  1.0000000000000000e+00 0.0000000000000000e+00 0.0000000000000000e+00 0.0000000000000000e+00  0 0 0  0 0 0
Sphere 1 68 4.0000000000000001e-03 3.4999999999999996e-02 2.5000000000000001e-02 3.4999999999999996e-02  0 0 0  0 0 0  1.0000000000000000e+00 0.0000000000000000e+00 0.0000000000000000e+00 0.0000000000000000e+00  0 0 0  0 0 0
Sphere 1 69 4.0000000000000001e-03 3.4999999999999996e-02 2.5000000000000001e-02 4.4999999999999998e-02  0 0 0  0 0 0  1.0000000000000000e+00 0.0000000000000000e+00 0.0000000000000000e+00 0.0000000000000000e+00  0 0 0  0 0 0
Sphere 1 70 4.0000000000000001e-03 4.4999999999999998e-02 2.5000000000000001e-02 5.0000000000000001e-03  0 0 0  0 0 0  1.0000000000000000e+00 0.0000000000000000e+00 0.0000000000000000e+00 0.0000000000000000e+00  0 0 0  0 0 0
Sphere 1 71 4.0000000000000001e-03 4.4999999999999998e-02 2.5000000000000001e-02 1.4999999999999999e-02  0 0 0  0 0 0  1.0000000000000000e+00 0.0000000000000000e+00 0.0000000000000000e+00 0.0000000000000000e+00  0 0 0  0 0 0
Sphere 1 72 4.0000000000000001e-03 4.4999999999999998e-02 2.5000000000000001e-02 2.5000000000000001e-02  0 0 0  0 0 0  1.0000000000000000e+00 0.0000000000000000e+00 0.0000000000000000e+00 0.0000000000000000e+00  0 0 0  0 0 0
Sphere 1 73 4.0000000000000001e-03 4.4999999999999998e-02 2.5000000000000001e-02 3.4999999999999996e-02  0 0 0  0 0 0  1.0000000000000000e+00 0.0000000000000000e+00 0.0000000000000000e+00 0.0000000000000000e+00  0 0 0  0 0 0
Sphere 1 74 4.0000000000000001e-03 4.4999999999999998e-02 2.5000000000000001e-02 4.4999999999999998e-02  0 0 0  0 0 0  1.0000000000000000e+00 0.0000000000000000e+00 0.0000000000000000e+00 0.0000000000000000e+00  0 0 0  0 0 0
Sphere 1 75 4.0000000000000001e-03 5.0000000000000001e-03 3.4999999999999996e-02 5.0000000000000001e-03  0 0 0  0 0 0  1.0000000000000000e+00 0.0000000000000000e+00 0.0000000000000000e+00 0.0000000000000000e+00  0 0 0  0 0 0
Sphere 1 76 4.0000000000000001e-03 5.0000000000000001e-03 3.4999999999999996e-02 1.4999999999999999e-02  0 0 0  0 0 0  1.0000000000000000e+00 0.0000000000000000e+00 0.0000000000000000e+00 0.0000000000000000e+00  0 0 0  0 0 0
Sphere 1 77 4.0000000000000001e-03 5.0000000000000001e-03 3.4999999999999996e-02 2.5000000000000001e-02  0 0 0  0 0 0  1.0000000000000000e+00 0.0000000000000000e+00 0.0000000000000000e+00 0.0000000000000000e+00  0 0 0  0 0 0
Sphere 1 78 4.0000000000000001e-03 5.0000000000000001e-03 3.4999999999999996e-02 3.4999999999999996e-02  0 0 0  0 0 0  1.0000000000000000e+00 0.0000000000000000e+00 0.0000000000000000e+00 0.0000000000000000e+00  0 0 0  0 0 0
Sphere 1 79 4.0000000000000001e-03 5.0000000000000001e-03 3.4999999999999996e-02 4.4999999999999998e-02  0 0 0  0 0 0  1.0000000000000000e+00 0.0000000000000000e+00 0.0000000000000000e+00 0.0000000000000000e+00  0 0 0  0 0 0
Sphere 1 80 4.0000000000000001e-03 1.4999999999999999e-02 3.4999999999999996e-02 5.0000000000000001e-03  0 0 0  0 0 0  1.0000000000000000e+00 0.0000000000000000e+00 0.0000000000000000e+00 0.0000000000000000e+00  0 0 0  0 0 0
Sphere 1 81 4.0000000000000001e-03 1.4999999999999999e-02 3.4999999999999996e-02 1.4999999999999999e-02  0 0 0  0 0 0  1.0000000000000000e+00 0.0000000000000000e+00 0.0000000000000000e+00 0.0000000000000000e+00  0 0 0  0 0 0
Sphere 1 82 4.0000000000000001e-03 1.4999999999999999e-02 3.4999999999999996e-02 2.5000000000000001e-02  0 0 0  0 0 0  1.0000000000000000e+00 0.0000000000000000e+00 0.0000000000000000e+00 0.0000000000000000e+00  0 0 0  0 0 0
Sphere 1 83 4.0000000000000001e-03 1.4999999999999999e-02 3.4999999999999996e-02 3.4999999999999996e-02  0 0 0  0 0 0  1.0000000000000000e+00 0.0000000000000000e+00 0.0000000000000000e+00 0.0000000000000000e+00  0 0 0  0 0 0
Sphere 1 84 4.0000000000000001e-03 1.4999999999999999e-02 3.4999999999999996e-02 4.4999999999999998e-02  0 0 0  0 0 0  1.0000000000000000e+00 0.0000000000000000e+00 0.0000000000000000e+00 0.0000000000000000e+00  0 0 0  0 0 0
Sphere 1 85 4.0000000000000001e-03 2.5000000000000001e-02 3.4999999999999996e-02 5.0000000000000001e-03  0 0 0  0 0 0  1.0000000000000000e+00 0.0000000000000000e+00 0.0000000000000000e+00 0.0000000000000000e+00  0 0 0  0 0 0
Sphere 1 86 4.0000000000000001e-03 2.5000000000000001e-02 3.4999999999999996e-02 1.4999999999999999e-02  0 0 0  0 0 0  1.0000000000000000e+00 0.0000000000000000e+00 0.0000000000000000e+00 0.0000000000000000e+00  0 0 0  0 0 0
Sphere 1 87 4.0000000000000001e-03 2.5000000000000001e-02 3.4999999999999996e-02 2.5000000000000001e-02  0 0 0  0 0 0  1.0000000000000000e+00 0.0000000000000000e+00 0.0000000000000000e+00 0.0000000000000000e+00  0 0 0  0 0 0
Sphere 1 88 4.0000000000000001e-03 2.5000000000000001e-02 3.4999999999999996e-02 3.4999999999999996e-02  0 0 0  0 0 0  1.0000000000000000e+00 0.0000000000000000e+00 0.0000000000000000e+00 0.0000000000000000e+00  0 0 0  0 0 0
Sphere 1 89 4.0000000000000001e-03 2.5000000000000001e-02 3.4999999999999996e-02 4.4999999999999998e-02  0 0 0  0 0 0  1.0000000000000000e+00 0.0000000000000000e+00 0.0000000000000000e+00 0.0000000000000000e+00  0 0 0  0 0 0
Sphere 1 90 4.0000000000000001e-03 3.4999999999999996e-02 3.4999999999999996e-02 5.0000000000000001e-03  0 0 0  0 0 0  1.0000000000000000e+00 0.0000000000000000e+00 0.0000000000000000e+00 0.0000000000000000e+00  0 0 0  0 0 0
Sphere 1 91 4.0000000000000001e-03 3.4999999999999996e-02 3.4999999999999996e-02 1.4999999999999999e-02  0 0 0  0 0 0  1.0000000000000000e+00 0.0000000000000000e+00 0.0000000000000000e+00 0.0000000000000000e+00  0 0 0  0 0 0
Sphere 1 92 4.0000000000000001e-03 3.4999999999999996e-02 3.4999999999999996e-02 2.5000000000000001e-02  0 0 0  0 0 0  1.0000000000000000e+00 0.0000000000000000e+00 0.0000000000000000e+00 0.0000000000000000e+00  0 0 0  0 0 0
Sphere 1 93 4.0000000000000001e-03 3.4999999999999996e-02 3.4999999999999996e-02 3.4999999999999996e-02  0 0 0  0 0 0  1.0000000000000000e+00 0.0000000000000000e+00 0.0000000000000000e+00 0.0000000000000000e+00  0 0 0  0 0 0
Sphere 1 94 4.0000000000000001e-03 3.4999999999999996e-02 3.4999999999999996e-02 4.4999999999999998e-02  0 0 0  0 0 0  1.0000000000000000e+00 0.0000000000000000e+00 0.0000000000000000e+00 0.0000000000000000e+00  0 0 0  0 0 0
Sphere 1 95 4.0000000000000001e-03 4.4999999999999998e-02 3.4999999999999996e-02 5.0000000000000001e-03  0 0 0  0 0 0  1.0000000000000000e+00 0.0000000000000000e+00 0.0000000000000000e+00 0.0000000000000000e+00  0 0 0  0 0 0
Sphere 1 96 4.0000000000000001e-03 4.4999999999999998e-02 3.4999999999999996e-02 1.4999999999999999e-02  0 0 0  0 0 0  1.0000000000000000e+00 0.0000000000000000e+00 0.0000000000000000e+00 0.0000000000000000e+00  0 0 0  0 0 0
Sphere 1 97 4.0000000000000001e-03 4.4999999999999998e-02 3.4999999999999996e-02 2.5000000000000001e-02  0 0 0  0 0 0  1.0000000000000000e+00 0.0000000000000000e+00 0.0000000000000000e+00 0.0000000000000000e+00  0 0 0  0 0 0
Sphere 1 98 4.0000000000000001e-03 4.4999999999999998e-02 3.4999999999999996e-02 3.4999999999999996e-02  0 0 0  0 0 0  1.0000000000000000e+00 0.0000000000000000e+00 0.0000000000000000e+00 0.0000000000000000e+00  0 0 0  0 0 0
Sphere 1 99 4.0000000000000001e-03 4.4999999999999998e-02 3.4999999999999996e-02 4.4999999999999998e-02  0 0 0  0 0 0  1.0000000000000000e+00 0.0000000000000000e+00 0.0000000000000000e+00 0.0000000000000000e+00  0 0 0  0 0 0
Sphere 1 100 4.0000000000000001e-03 5.0000000000000001e-03 4.4999999999999998e-02 5.0000000000000001e-03  0 0 0  0 0 0  1.0000000000000000e+00 0.0000000000000000e+00 0.0000000000000000e+00 0.0000000000000000e+00  0 0 0  0 0 0
Sphere 1 101 4.0000000000000001e-03 5.0000000000000001e-03 4.4999999999999998e-02 1.4999999999999999e-02  0 0 0  0 0 0  1.0000000000000000e+00 0.0000000000000000e+00 0.0000000000000000e+00 0.0000000000000000e+00  0 0 0  0 0 0
Sphere 1 102 4.0000000000000001e-03 5.0000000000000001e-03 4.4999999999999998e-02 2.5000000000000001e-02  0 0 0  0 0 0  1.0000000000000000e+00 0.0000000000000000e+00 0.0000000000000000e+00 0.0000000000000000e+00  0 0 0  0 0 0
Sphere 1 103 4.0000000000000001e-03 5.0000000000000001e-03 4.4999999999999998e-02 3.4999999999999996e-02  0 0 0  0 0 0  1.0000000000000000e+00 0.0000000000000000e+00 0.0000000000000000e+00 0.0000000000000000e+00  0 0 0  0 0 0
Sphere 1 104 4.0000000000000001e-03 5.0000000000000001e-03 4.4999999999999998e-02 4.4999999999999998e-02  0 0 0  0 0 0  1.0000000000000000e+00 0.0000000000000000e+00 0.0000000000000000e+00 0.0000000000000000e+00  0 0 0  0 0 0
Sphere 1 105 4.0000000000000001e-03 1.4999999999999999e-02 4.4999999999999998e-02 5.0000000000000001e-03  0 0 0  0 0 0  1.0000000000000000e+00 0.0000000000000000e+00 0.0000000000000000e+00 0.0000000000000000e+00  0 0 0  0 0 0
Sphere 1 106 4.0000000000000001e-03 1.4999999999999999e-02 4.4999999999999998e-02 1.4999999999999999e-02  0 0 0  0 0 0  1.0000000000000000e+00 0.0000000000000000e+00 0.0000000000000000e+00 0.0000000000000000e+00  0 0 0  0 0 0
Sphere 1 107 4.0000000000000001e-03 1.4999999999999999e-02 4.4999999999999998e-02 2.5000000000000001e-02  0 0 0  0 0 0  1.0000000000000000e+00 0.0000000000000000e+00 0.0000000000000000e+00 0.0000000000000000e+00  0 0 0  0 0 0
Sphere 1 108 4.0000000000000001e-03 1.4999999999999999e-02 4.4999999999999998e-02 3.4999999999999996e-02  0 0 0  0 0 0  1.0000000000000000e+00 0.0000000000000000e+00 0.0000000000000000e+00 0.0000000000000000e+00  0 0 0  0 0 0
Sphere 1 109 4.0000000000000001e-03 1.4999999999999999e-02 4.4999999999999998e-02 4.4999999999999998e-02  0 0 0  0 0 0  1.0000000000000000e+00 0.0000000000000000e+00 0.0000000000000000e+00 0.0000000000000000e+00  0 0 0  0 0 0
Sphere 1 110 4.0000000000000001e-03 2.5000000000000001e-02 4.4999999999999998e-02 5.0000000000000001e-03  0 0 0  0 0 0  1.0000000000000000e+00 0.0000000000000000e+00 0.0000000000000000e+00 0.0000000000000000e+00  0 0 0  0 0 0
Sphere 1 111 4.0000000000000001e-03 2.5000000000000001e-02 4.4999999999999998e-02 1.4999999999999999e-02  0 0 0  0 0 0  1.0000000000000000e+00 0.0000000000000000e+00 0.0000000000000000e+00 0.0000000000000000e+00  0 0 0  0 0 0
Sphere 1 112 4.0000000000000001e-03 2.5000000000000001e-02 4.4999999999999998e-02 2.5000000000000001e-02  0 0 0  0 0 0  1.0000000000000000e+00 0.0000000000000000e+00 0.0000000000000000e+00 0.0000000000000000e+00  0 0 0  0 0 0
Sphere 1 113 4.0000000000000001e-03 2.5000000000000001e-02 4.4999999999999998e-02 3.4999999999999996e-02  0 0 0  0 0 0  1.0000000000000000e+00 0.0000000000000000e+00 0.0000000000000000e+00 0.0000000000000000e+00  0 0 0  0 0 0
Sphere 1 114 4.0000000000000001e-03 2.5000000000000001e-02 4.4999999999999998e-02 4.4999999999999998e-02  0 0 0  0 0 0  1.0000000000000000e+00 0.0000000000000000e+00 0.0000000000000000e+00 0.0000000000000000e+00  0 0 0  0 0 0
Sphere 1 115 4.0000000000000001e-03 3.4999999999999996e-02 4.4999999999999998e-02 5.0000000000000001e-03  0 0 0  0 0 0  1.0000000000000000e+00 0.0000000000000000e+00 0.0000000000000000e+00 0.0000000000000000e+00  0 0 0  0 0 0
Sphere 1 116 4.0000000000000001e-03 3.4999999999999996e-02 4.4999999999999998e-02 1.4999999999999999e-02  0 0 0  0 0 0  1.0000000000000000e+00 0.0000000000000000e+00 0.0000000000000000e+00 0.0000000000000000e+00  0 0 0  0 0 0
Sphere 1 117 4.0000000000000001e-03 3.4999999999999996e-02 4.4999999999999998e-02 2.5000000000000001e-02  0 0 0  0 0 0  1.0000000000000000e+00 0.0000000000000000e+00 0.0000000000000000e+00 0.0000000000000000e+00  0 0 0  0 0 0
Sphere 1 118 4.0000000000000001e-03 3.4999999999999996e-02 4.4999999999999998e-02 3.4999999999999996e-02  0 0 0  0 0 0  1.0000000000000000e+00 0.0000000000000000e+00 0.0000000000000000e+00 0.0000000000000000e+00  0 0 0  0 0 0
Sphere 1 119 4.0000000000000001e-03 3.4999999999999996e-02 4.4999999999999998e-02 4.4999999999999998e-02  0 0 0  0 0 0  1.0000000000000000e+00 0.0000000000000000e+00 0.0000000000000000e+00 0.0000000000000000e+00  0 0 0  0 0 0
Sphere 1 120 4.0000000000000001e-03 4.4999999999999998e-02 4.4999999999999998e-02 5.0000000000000001e-03  0 0 0  0 0 0  1.0000000000000000e+00 0.0000000000000000e+00 0.0000000000000000e+00 0.0000000000000000e+00  0 0 0  0 0 0
Sphere 1 121 4.0000000000000001e-03 4.4999999999999998e-02 4.4999999999999998e-02 1.4999999999999999e-02  0 0 0  0 0 0  1.0000000000000000e+00 0.0000000000000000e+00 0.0000000000000000e+00 0.0000000000000000e+00  0 0 0  0 0 0
Sphere 1 122 4.0000000000000001e-03 4.4999999999999998e-02 4.4999999999999998e-02 2.5000000000000001e-02  0 0 0  0 0 0  1.0000000000000000e+00 0.0000000000000000e+00 0.0000000000000000e+00 0.0000000000000000e+00  0 0 0  0 0 0
Sphere 1 123 4.0000000000000001e-03 4.4999999999999998e-02 4.4999999999999998e-02 3.4999999999999996e-02  0 0 0  0 0 0  1.0000000000000000e+00 0.0000000000000000e+00 0.0000000000000000e+00 0.0000000000000000e+00  0 0 0  0 0 0
Sphere 1 124 4.0000000000000001e-03 4.4999999999999998e-02 4.4999999999999998e-02 4.4999999999999998e-02  0 0 0  0 0 0  1.0000000000000000e+00 0.0000000000000000e+00 0.0000000000000000e+00 0.0000000000000000e+00  0 0 0  0 0 0

homothetyRange 0 124   2.0e-3 4.0e-3  0
#randomlyOrientedVelocities 20000